Lap,Albon,Alonso,Bottas,Gasly,Hamilton,Hulkenberg,Latifi,Leclerc,Magnussen,Norris,Ocon,Perez,Ricciardo,Russell,Sainz,Schumacher,Stroll,Tsunoda,Verstappen,Zhou
0,14.0,8.0,6.0,10.0,5.0,17.0,20.0,1.0,7.0,13.0,11.0,4.0,18.0,9.0,3.0,12.0,19.0,16.0,2.0,15.0
2,11.0,9.0,14.0,8.0,4.0,15.0,18.0,1.0,5.0,16.0,10.0,6.0,20.0,7.0,3.0,13.0,17.0,12.0,2.0,19.0
3,11.0,9.0,14.0,8.0,4.0,15.0,19.0,1.0,5.0,17.0,10.0,6.0,20.0,7.0,3.0,13.0,16.0,12.0,2.0,18.0
4,11.0,9.0,14.0,8.0,4.0,15.0,19.0,1.0,6.0,18.0,10.0,5.0,20.0,7.0,3.0,13.0,16.0,12.0,2.0,17.0
5,11.0,9.0,14.0,8.0,4.0,15.0,19.0,1.0,6.0,18.0,10.0,5.0,20.0,7.0,3.0,13.0,17.0,12.0,2.0,16.0
6,12.0,9.0,14.0,8.0,4.0,16.0,19.0,1.0,7.0,18.0,10.0,5.0,20.0,6.0,3.0,13.0,17.0,11.0,2.0,15.0
7,12.0,9.0,13.0,8.0,4.0,16.0,20.0,1.0,7.0,18.0,10.0,5.0,19.0,6.0,3.0,14.0,17.0,11.0,2.0,15.0
8,12.0,9.0,13.0,8.0,4.0,16.0,19.0,1.0,7.0,18.0,10.0,5.0,20.0,6.0,3.0,15.0,17.0,11.0,2.0,14.0
9,13.0,10.0,12.0,8.0,4.0,16.0,19.0,1.0,7.0,18.0,9.0,5.0,20.0,6.0,3.0,15.0,17.0,11.0,2.0,14.0
10,13.0,10.0,12.0,8.0,4.0,17.0,19.0,1.0,7.0,18.0,9.0,5.0,20.0,6.0,3.0,15.0,16.0,11.0,2.0,14.0
11,14.0,10.0,12.0,8.0,5.0,17.0,19.0,1.0,7.0,18.0,9.0,4.0,20.0,6.0,3.0,16.0,15.0,11.0,2.0,13.0
12,14.0,11.0,12.0,8.0,5.0,17.0,19.0,1.0,7.0,18.0,9.0,4.0,20.0,6.0,3.0,16.0,15.0,10.0,2.0,13.0
13,13.0,20.0,10.0,7.0,12.0,15.0,19.0,1.0,6.0,16.0,8.0,4.0,18.0,5.0,3.0,17.0,14.0,9.0,2.0,11.0
14,14.0,17.0,10.0,7.0,11.0,15.0,19.0,1.0,6.0,16.0,8.0,4.0,18.0,5.0,3.0,20.0,13.0,9.0,2.0,12.0
15,20.0,14.0,11.0,7.0,10.0,15.0,18.0,1.0,6.0,16.0,8.0,3.0,17.0,5.0,4.0,19.0,13.0,9.0,2.0,12.0
16,19.0,11.0,17.0,12.0,6.0,13.0,20.0,1.0,9.0,14.0,16.0,2.0,15.0,3.0,5.0,18.0,10.0,7.0,4.0,8.0
17,19.0,9.0,16.0,8.0,5.0,12.0,20.0,1.0,7.0,13.0,11.0,4.0,15.0,6.0,3.0,17.0,10.0,14.0,2.0,18.0
18,19.0,9.0,13.0,8.0,5.0,15.0,20.0,1.0,7.0,14.0,11.0,4.0,18.0,6.0,3.0,17.0,10.0,12.0,2.0,16.0
19,18.0,9.0,13.0,8.0,5.0,17.0,19.0,1.0,7.0,14.0,10.0,4.0,20.0,6.0,3.0,16.0,12.0,11.0,2.0,15.0
20,16.0,9.0,12.0,8.0,5.0,17.0,18.0,1.0,7.0,15.0,10.0,4.0,20.0,6.0,3.0,14.0,19.0,11.0,2.0,13.0
21,16.0,9.0,12.0,8.0,5.0,20.0,17.0,1.0,7.0,15.0,10.0,4.0,19.0,6.0,3.0,14.0,18.0,11.0,2.0,13.0
22,16.0,9.0,12.0,8.0,5.0,20.0,18.0,1.0,7.0,15.0,10.0,4.0,19.0,6.0,3.0,14.0,17.0,11.0,2.0,13.0
23,15.0,9.0,12.0,8.0,5.0,20.0,18.0,1.0,7.0,16.0,10.0,4.0,19.0,6.0,3.0,14.0,17.0,11.0,2.0,13.0
24,15.0,9.0,12.0,8.0,5.0,20.0,18.0,1.0,7.0,16.0,10.0,4.0,19.0,6.0,3.0,14.0,17.0,11.0,2.0,13.0
25,15.0,9.0,12.0,8.0,5.0,20.0,18.0,1.0,7.0,17.0,10.0,4.0,19.0,6.0,3.0,14.0,16.0,11.0,2.0,13.0
26,15.0,10.0,12.0,8.0,5.0,19.0,17.0,1.0,7.0,20.0,9.0,4.0,18.0,6.0,3.0,14.0,16.0,11.0,2.0,13.0
27,15.0,14.0,11.0,8.0,5.0,19.0,17.0,1.0,7.0,20.0,9.0,4.0,18.0,6.0,3.0,13.0,16.0,10.0,2.0,12.0
28,16.0,14.0,11.0,8.0,5.0,19.0,17.0,1.0,7.0,20.0,9.0,4.0,18.0,6.0,3.0,13.0,15.0,10.0,2.0,12.0
29,16.0,14.0,11.0,7.0,8.0,19.0,18.0,1.0,6.0,20.0,9.0,4.0,17.0,5.0,3.0,13.0,15.0,10.0,2.0,12.0
30,16.0,14.0,10.0,7.0,8.0,19.0,18.0,1.0,6.0,20.0,9.0,4.0,17.0,5.0,3.0,13.0,15.0,11.0,2.0,12.0
31,16.0,12.0,10.0,7.0,8.0,19.0,18.0,1.0,6.0,20.0,9.0,4.0,17.0,5.0,3.0,13.0,15.0,14.0,2.0,11.0
32,16.0,11.0,9.0,8.0,7.0,19.0,18.0,1.0,6.0,20.0,13.0,3.0,17.0,5.0,2.0,12.0,15.0,14.0,4.0,10.0
33,16.0,11.0,9.0,8.0,7.0,18.0,20.0,3.0,6.0,19.0,12.0,2.0,17.0,5.0,1.0,13.0,15.0,14.0,4.0,10.0
34,16.0,11.0,8.0,10.0,6.0,18.0,20.0,3.0,7.0,19.0,12.0,2.0,17.0,5.0,1.0,14.0,15.0,13.0,4.0,9.0
35,16.0,11.0,8.0,10.0,5.0,18.0,20.0,1.0,6.0,17.0,12.0,4.0,19.0,7.0,3.0,14.0,15.0,13.0,2.0,9.0
36,16.0,11.0,7.0,9.0,5.0,18.0,20.0,1.0,10.0,17.0,12.0,4.0,19.0,6.0,3.0,14.0,15.0,13.0,2.0,8.0
37,18.0,11.0,7.0,10.0,5.0,17.0,20.0,1.0,9.0,16.0,12.0,4.0,19.0,6.0,3.0,15.0,14.0,13.0,2.0,8.0
38,18.0,10.0,13.0,8.0,5.0,17.0,20.0,1.0,7.0,16.0,11.0,4.0,19.0,6.0,3.0,15.0,14.0,12.0,2.0,9.0
39,17.0,10.0,12.0,8.0,5.0,20.0,19.0,1.0,7.0,16.0,9.0,4.0,18.0,6.0,3.0,15.0,14.0,11.0,2.0,13.0
40,17.0,10.0,12.0,8.0,5.0,20.0,19.0,1.0,7.0,15.0,9.0,4.0,18.0,6.0,3.0,14.0,16.0,11.0,2.0,13.0
41,17.0,11.0,12.0,8.0,5.0,20.0,19.0,1.0,7.0,15.0,9.0,4.0,18.0,6.0,3.0,14.0,16.0,10.0,2.0,13.0
42,17.0,11.0,12.0,8.0,5.0,20.0,19.0,1.0,7.0,16.0,9.0,4.0,18.0,6.0,3.0,14.0,15.0,10.0,2.0,13.0
43,16.0,12.0,11.0,8.0,5.0,20.0,18.0,1.0,7.0,19.0,9.0,4.0,17.0,6.0,3.0,14.0,15.0,10.0,2.0,13.0
44,16.0,14.0,11.0,8.0,5.0,20.0,19.0,1.0,7.0,18.0,9.0,4.0,17.0,6.0,3.0,13.0,15.0,10.0,2.0,12.0
45,15.0,13.0,8.0,,4.0,19.0,18.0,1.0,7.0,17.0,11.0,5.0,16.0,6.0,2.0,12.0,14.0,9.0,3.0,10.0
46,15.0,13.0,8.0,,6.0,19.0,17.0,1.0,7.0,16.0,10.0,4.0,18.0,5.0,3.0,11.0,14.0,12.0,2.0,9.0
47,14.0,12.0,8.0,,5.0,19.0,18.0,1.0,7.0,17.0,9.0,4.0,16.0,6.0,3.0,10.0,15.0,11.0,2.0,13.0
48,15.0,12.0,8.0,,5.0,19.0,18.0,1.0,7.0,17.0,9.0,4.0,16.0,6.0,3.0,10.0,14.0,11.0,2.0,13.0
49,15.0,12.0,8.0,,5.0,19.0,18.0,1.0,7.0,17.0,9.0,4.0,16.0,6.0,3.0,10.0,14.0,11.0,2.0,13.0
50,15.0,12.0,8.0,,5.0,19.0,18.0,1.0,7.0,17.0,9.0,4.0,16.0,6.0,3.0,10.0,14.0,11.0,2.0,13.0
51,15.0,12.0,8.0,,5.0,19.0,18.0,1.0,7.0,17.0,9.0,4.0,16.0,6.0,3.0,10.0,14.0,11.0,2.0,13.0
52,15.0,11.0,8.0,,5.0,19.0,18.0,1.0,7.0,17.0,9.0,4.0,16.0,6.0,3.0,12.0,14.0,10.0,2.0,13.0
53,15.0,11.0,8.0,,5.0,19.0,18.0,1.0,7.0,17.0,9.0,4.0,16.0,6.0,3.0,13.0,14.0,10.0,2.0,12.0
54,15.0,11.0,8.0,,5.0,19.0,18.0,1.0,7.0,17.0,9.0,4.0,16.0,6.0,3.0,13.0,14.0,10.0,2.0,12.0
55,14.0,10.0,7.0,,4.0,18.0,17.0,1.0,6.0,16.0,8.0,3.0,15.0,5.0,2.0,12.0,13.0,9.0,,11.0
56,14.0,10.0,7.0,,4.0,18.0,17.0,1.0,6.0,16.0,8.0,3.0,15.0,5.0,2.0,12.0,13.0,9.0,,11.0
57,13.0,9.0,6.0,,3.0,17.0,16.0,1.0,5.0,15.0,7.0,,14.0,4.0,2.0,11.0,12.0,8.0,,10.0
